40 25
122	-1	-1	-1	-1	-1	-1	-1	-1	-1	-1	-1	-1	-1	-1	-1	-1	-1	-1	-1	-1	-1	-1	-1	-1	-1	-1	-1	-1	-1	-1	-1	-1	17	-1	-1	-1	-1	-1	122
-1	-1	-1	-1	-1	-1	-1	-1	-1	-1	-1	-1	-1	-1	-1	-1	-1	-1	-1	-1	-1	-1	-1	-1	-1	-1	-1	-1	-1	-1	-1	-1	-1	68	35	35	35	35	35	-1
-1	-1	-1	-1	-1	-1	-1	-1	-1	-1	-1	-1	-1	-1	-1	-1	-1	-1	-1	-1	-1	-1	-1	-1	-1	-1	-1	-1	-1	-1	-1	-1	-1	-1	-1	-1	-1	-1	-1	62
-1	-1	-1	-1	-1	-1	-1	-1	-1	-1	-1	-1	-1	-1	-1	-1	-1	-1	-1	-1	-1	-1	-1	-1	-1	-1	-1	-1	-1	-1	-1	-1	-1	-1	-1	-1	-1	-1	-1	62
-1	-1	-1	-1	-1	-1	-1	-1	-1	-1	-1	-1	-1	-1	-1	-1	-1	-1	-1	-1	-1	-1	-1	-1	-1	-1	-1	-1	-1	-1	-1	-1	-1	-1	-1	-1	-1	-1	-1	62
-1	-1	-1	-1	-1	-1	-1	-1	-1	-1	-1	-1	-1	-1	-1	-1	-1	-1	-1	-1	-1	-1	-1	-1	-1	-1	-1	-1	-1	-1	-1	-1	-1	-1	-1	-1	-1	-1	-1	62
-1	-1	-1	-1	-1	-1	-1	-1	-1	-1	57	-1	-1	-1	-1	-1	-1	-1	-1	-1	-1	-1	-1	-1	-1	-1	-1	-1	-1	-1	-1	-1	-1	-1	-1	-1	-1	-1	-1	62
-1	-1	-1	-1	-1	-1	-1	-1	-1	-1	0	1	1	1	1	1	1	1	1	1	1	1	1	1	1	1	1	2	40	40	40	0	1	1	1	1	1	1	1	-1
-1	-1	-1	-1	-1	-1	-1	-1	-1	-1	17	-1	-1	-1	-1	-1	-1	-1	-1	-1	-1	-1	-1	-1	-1	-1	-1	19	-1	-1	-1	17	18	18	18	18	-1	-1	-1	-1
-1	-1	-1	-1	-1	-1	-1	-1	-1	-1	17	-1	-1	-1	-1	-1	-1	-1	-1	-1	-1	-1	-1	-1	-1	-1	-1	19	-1	-1	-1	68	35	35	35	35	-1	-1	-1	-1
-1	-1	-1	-1	-1	-1	-1	-1	-1	-1	17	-1	-1	-1	-1	-1	-1	-1	-1	-1	-1	-1	-1	-1	-1	-1	-1	19	-1	-1	-1	-1	-1	-1	-1	-1	17	-1	-1	-1
1	1	1	2	-1	-1	-1	0	1	1	88	-1	-1	-1	-1	-1	-1	-1	-1	-1	-1	-1	-1	-1	-1	-1	-1	19	-1	-1	-1	-1	-1	-1	-1	-1	17	-1	-1	-1
-1	-1	-1	19	-1	-1	-1	17	-1	-1	-1	-1	-1	-1	-1	-1	-1	-1	-1	-1	-1	-1	-1	-1	-1	-1	-1	19	-1	-1	-1	-1	-1	-1	-1	-1	17	-1	-1	-1
-1	-1	-1	20	21	-1	-1	17	-1	-1	-1	-1	-1	-1	-1	-1	-1	-1	-1	-1	-1	-1	-1	-1	-1	-1	-1	19	-1	-1	-1	-1	-1	-1	-1	-1	17	-1	-1	-1
-1	-1	-1	19	-1	-1	-1	17	-1	-1	-1	-1	-1	-1	-1	-1	-1	-1	-1	-1	-1	-1	-1	-1	-1	-1	-1	19	-1	-1	-1	-1	-1	-1	-1	-1	17	-1	-1	-1
-1	-1	-1	19	-1	-1	-1	17	-1	-1	-1	-1	-1	-1	-1	-1	-1	89	80	80	80	80	80	80	89	89	35	105	-1	-1	-1	-1	-1	-1	-1	-1	17	-1	-1	-1
-1	-1	-1	19	-1	-1	22	23	-1	-1	-1	-1	-1	-1	-1	-1	-1	64	-1	-1	-1	-1	-1	-1	-1	-1	-1	-1	-1	-1	-1	-1	-1	-1	-1	-1	17	-1	-1	-1
-1	-1	-1	19	-1	-1	-1	17	-1	-1	-1	-1	-1	-1	-1	-1	-1	64	-1	-1	-1	-1	-1	-1	-1	-1	-1	-1	-1	-1	-1	-1	-1	-1	-1	-1	17	-1	-1	-1
-1	-1	-1	19	-1	-1	-1	34	80	80	80	80	81	74	79	80	80	81	-1	-1	-1	-1	-1	-1	-1	-1	-1	-1	-1	-1	-1	-1	-1	-1	-1	-1	17	-1	-1	-1
-1	70	35	20	21	-1	-1	-1	-1	-1	-1	-1	-1	-1	-1	-1	-1	-1	-1	-1	-1	-1	-1	-1	-1	-1	-1	-1	-1	-1	-1	-1	-1	-1	-1	-1	17	-1	-1	-1
-1	19	-1	-1	-1	-1	-1	-1	-1	-1	-1	-1	-1	-1	-1	-1	-1	-1	-1	-1	-1	-1	-1	-1	-1	-1	-1	-1	-1	-1	-1	-1	-1	-1	-1	-1	17	-1	-1	-1
-1	19	-1	-1	-1	-1	-1	-1	-1	-1	-1	-1	-1	-1	-1	-1	-1	-1	-1	-1	-1	-1	-1	-1	-1	-1	-1	-1	-1	-1	-1	-1	-1	-1	-1	106	107	-1	-1	-1
-1	85	3	2	-1	-1	22	45	46	46	46	46	46	46	46	46	46	46	46	46	46	46	46	46	46	47	40	40	40	40	0	1	3	3	3	123	124	-1	-1	-1
-1	-1	-1	19	-1	-1	-1	62	-1	-1	-1	-1	-1	-1	-1	-1	-1	-1	-1	-1	-1	-1	-1	-1	-1	64	-1	-1	-1	-1	17	-1	-1	-1	-1	-1	-1	-1	-1	-1
122	-1	-1	19	-1	-1	-1	62	-1	-1	-1	-1	-1	-1	-1	-1	-1	-1	-1	-1	-1	-1	-1	-1	-1	19	-1	-1	-1	-1	17	-1	-1	-1	-1	-1	-1	-1	-1	122